#Neue Seite

#Polyline:
16.25	39.75
568.25	39.75
567.25	716.75
16.25	716.75
16.25	39.75

#Polyline:
16.25	39.75
568.25	39.75
567.25	716.75
16.25	716.75
16.25	39.75

#Polyline:
175.25	162.75
176.548	163.093
176.997	163.84
176.783	164.846
176.092	165.968
175.107	167.063
174.015	167.987
173.001	168.598
172.25	168.75
173.898	169.098
174.938	169.469
175.133	169.98
174.25	170.75
176.143	171.481
176.568	172.825
176.084	174.631
175.25	176.75
173.875	178.762
172.125	180.469
170.188	181.566
168.25	181.75
166.955	181.755
166.608	182.47
166.333	183.826
165.25	185.75
164.816	186.539
164.406	187
163.668	187.086
162.25	186.75
161.276	186.674
160.836	186.938
160.546	188.713
160.07	189.281
159.044	189.662
157.25	189.75
152.879	189.688
149.844	189.062
147.512	187.781
145.25	185.75
143.223	184.262
141.406	183.594
140.012	183.254
139.25	182.75
139.285	181.164
139.355	177.055
139.25	175.75
138.324	174.938
137.469	174.875
136.754	175.75
136.25	177.75
136.267	179.101
136.57	180.211
136.979	181.169
137.312	182.062
137.388	182.979
137.023	184.008
136.038	185.235
134.25	186.75
134.871	189.25
134.531	191
133.301	192.375
131.25	193.75
131.071	195.968
130.669	197.973
129.967	199.823
128.888	201.574
127.354	203.285
125.288	205.013
122.613	206.815
119.25	208.75
117.572	209.488
115.621	210.156
113.524	210.684
111.406	211
109.394	211.035
107.613	210.719
106.19	209.98
105.25	208.75
104.351	207.503
103.633	206.699
102.974	206.241
102.25	206.031
101.339	205.974
98.4619	205.93
96.25	205.75
92.1914	204.852
89.2812	203.25
87.3555	200.898
86.25	197.75
85.4375	195.312
83.875	194.562
81.75	194.656
79.25	194.75
77.2148	194.316
76.6562	193.531
76.8945	192.605
77.25	191.75
76.9805	191.434
75.8438	191.656
73.9102	191.926
71.25	191.75
69.9541	191.4
68.7578	190.594
67.7607	189.412
67.0625	187.938
66.7627	186.252
66.9609	184.438
67.7568	182.576
69.25	180.75
70.7065	179.388
71.1055	178.762
70.6782	178.715
69.6562	179.094
68.271	179.742
66.7539	180.504
65.3364	181.225
64.25	181.75
62.7266	182.562
61.625	182.25
61.0859	181.188
61.25	179.75
60.9414	179.484
59.9062	179.875
58.543	180.453
57.25	180.75
56.697	180.709
55.8721	180.531
54.9009	180.127
53.9092	179.414
53.0225	178.306
52.3665	176.716
52.0671	174.56
52.25	171.75
52.1133	170.895
51.7188	170.344
51.0898	169.746
50.25	168.75
48.6367	167.645
47.4688	165.531
47.1914	162.527
48.25	158.75
49.6211	154.996
49.6562	151.781
48.9883	148.801
48.25	145.75
47.7344	142.551
48.0625	140.031
49.2344	138.121
51.25	136.75
53.0547	136.029
53.875	134.703
54.1328	132.9
54.25	130.75
56.1562	130.34
57.6875	129.344
58.75	127.551
59.25	124.75
60.9141	125.004
61.6875	126.031
61.9922	127.668
62.25	129.75
63.2266	131.074
64.4375	130.406
65.5547	128.66
66.25	126.75
66.7305	125.734
67.6562	125.188
69.3789	124.922
72.25	124.75
73.0762	122.12
73.7031	120.441
74.166	119.472
74.5	118.969
74.9219	118.387
75.0801	117.822
75.25	116.75
77.9766	117.02
79.625	116.656
81.0859	115.59
83.25	113.75
85.6758	112.809
87.6562	113.906
89.6836	116.176
92.25	118.75
94.0703	120.473
94.8125	121.281
95.2734	120.824
96.25	118.75
96.9263	117.612
97.4883	117.098
97.9858	117.058
98.4688	117.344
98.9868	117.805
99.5898	118.293
100.328	118.658
101.25	118.75
102.181	118.834
102.648	118.582
102.974	116.653
103.289	115.902
103.991	115.24
105.25	114.75
106.456	114.271
106.977	113.914
106.5	113.312
105.772	112.938
104.898	112.43
104.013	111.722
103.25	110.75
102.551	109.861
101.547	108.746
100.473	107.485
99.5625	106.156
99.0508	104.839
99.1719	103.613
100.16	102.557
102.25	101.75
104.082	101.018
104.953	100.488
104.188	99.9062
98.1758	99.7437
95.25	99.75
91.7163	99.0513
88.3555	97.3945
85.6216	94.8765
83.9688	91.5938
83.8511	87.6431
85.7227	83.1211
90.0376	78.1245
97.25	72.75
98.1094	71.9131
100.375	69.7109
103.578	66.6064
107.25	63.0625
110.922	59.542
114.125	56.5078
116.391	54.4229
117.25	53.75
117.901	54.9771
119.742	58.4438
122.603	63.8306
126.312	70.8164
130.702	79.0813
135.602	88.3042
140.841	98.1653
146.25	108.344
151.659	118.52
156.898	128.372
161.798	137.58
166.188	145.824
169.897	152.784
172.758	158.138
174.599	161.567
175.25	162.75


#Polyline:
120.25	389.75
140.375	375.176
162.364	365.203
185.517	359.792
209.134	358.902
232.516	362.493
254.962	370.525
275.773	382.957
294.25	399.75
308.824	420.04
318.797	442.146
324.208	465.369
325.098	489.009
321.507	512.367
313.475	534.743
301.043	555.438
284.25	573.75
263.96	588.489
241.854	598.579
218.631	604.06
194.99	604.973
171.632	601.359
149.256	593.257
128.562	580.707
110.25	563.75
95.5112	543.625
85.4211	521.636
79.9397	498.483
79.0264	474.866
82.6409	451.484
90.7432	429.038
103.293	408.227
120.25	389.75

#Polyline:
258.25	301.75
277.162	291.125
297.235	284.673
317.864	282.291
338.447	283.872
358.38	289.313
377.061	298.51
393.885	311.357
408.25	327.75
418.875	346.826
425.326	367.016
427.709	387.716
426.128	408.322
420.686	428.232
411.49	446.842
398.643	463.549
382.25	477.75
363.173	488.539
342.984	495.108
322.284	497.561
301.678	496.003
281.768	490.538
263.158	481.271
246.451	468.307
232.25	451.75
221.461	432.838
214.892	412.765
212.439	392.136
213.997	371.553
219.462	351.62
228.729	332.939
241.693	316.115
258.25	301.75

#Polyline:
196.25	375.75
206.924	370.595
217.862	366.618
228.984	363.797
240.212	362.109
251.466	361.529
262.667	362.036
273.734	363.605
284.589	366.215
295.152	369.841
305.344	374.461
315.085	380.051
324.296	386.589
332.897	394.051
340.81	402.414
347.954	411.655
354.25	421.75
359.405	432.512
363.382	443.526
366.202	454.713
367.891	465.994
368.471	477.289
367.964	488.518
366.394	499.603
363.785	510.464
360.159	521.021
355.539	531.195
349.948	540.907
343.411	550.077
335.949	558.626
327.586	566.474
318.345	573.542
308.25	579.75
297.488	584.993
286.474	589.046
275.287	591.931
264.006	593.673
252.711	594.293
241.481	593.816
230.396	592.264
219.536	589.66
208.979	586.028
198.804	581.391
189.093	575.771
179.923	569.192
171.374	561.678
163.526	553.251
156.458	543.934
150.25	533.75
145.007	523.076
140.954	512.138
138.069	501.015
136.327	489.787
135.707	478.533
136.184	467.333
137.736	456.266
140.34	445.411
143.972	434.848
148.609	424.656
154.229	414.915
160.807	405.704
168.322	397.103
176.749	389.19
186.066	382.046
196.25	375.75

#Polyline:
106.25	256.75
118.303	252.69
130.48	249.918
142.698	248.401
154.876	248.102
166.933	248.986
178.786	251.018
190.356	254.164
201.56	258.387
212.316	263.652
222.544	269.926
232.162	277.171
241.088	285.354
249.241	294.438
256.541	304.389
262.904	315.171
268.25	326.75
272.31	338.892
275.082	351.145
276.599	363.427
276.898	375.658
276.014	387.755
273.982	399.638
270.836	411.225
266.613	422.435
261.347	433.185
255.074	443.396
247.829	452.984
239.646	461.869
230.562	469.97
220.611	477.205
209.829	483.492
198.25	488.75
186.108	492.898
173.855	495.746
161.573	497.328
149.342	497.68
137.245	496.837
125.362	494.834
113.775	491.706
102.565	487.489
91.8145	482.217
81.6042	475.926
72.0156	468.651
63.1304	460.428
55.0298	451.291
47.7952	441.275
41.5081	430.417
36.25	418.75
32.1016	406.696
29.2539	394.52
27.6719	382.302
27.3201	370.124
28.1631	358.067
30.1663	346.213
33.2942	334.644
37.5115	323.44
42.783	312.684
49.0737	302.456
56.3486	292.838
64.572	283.912
73.7092	275.759
83.7246	268.459
94.5833	262.096
106.25	256.75

#Polyline:
366.25	121.75
385.2	114.793
404.599	111.837
423.909	112.696
442.59	117.186
460.103	125.121
475.91	136.317
489.472	150.588
500.25	167.75
507.207	186.864
510.163	206.381
509.303	225.76
504.814	244.465
496.878	261.955
485.683	277.692
471.412	291.136
454.25	301.75
435.136	308.871
415.619	311.944
396.239	311.155
377.535	306.689
360.045	298.73
344.308	287.464
330.864	273.076
320.25	255.75
313.129	236.8
310.055	217.401
310.844	198.091
315.311	179.41
323.27	161.897
334.536	146.09
348.924	132.528
366.25	121.75

#Polyline:
228.25	197.75
243.125	194.861
257.863	194.986
272.086	197.922
285.417	203.47
297.476	211.427
307.887	221.594
316.271	233.769
322.25	247.75
325.139	262.789
325.014	277.645
322.078	291.938
316.53	305.292
308.572	317.328
298.406	327.669
286.231	335.935
272.25	341.75
257.211	344.803
242.355	344.796
228.062	341.929
214.708	336.405
202.672	328.424
192.331	318.187
184.065	305.896
178.25	291.75
175.197	276.875
175.204	262.137
178.07	247.914
183.594	234.583
191.576	222.523
201.813	212.113
214.104	203.729
228.25	197.75

#Polyline:
16.25	70.75
18.9189	74.791
21.0078	77.9531
22.6396	80.2949
23.9375	81.875
25.0244	82.752
26.0234	82.9844
27.0576	82.6309
28.25	81.75
29.875	80.8516
31.125	80.9375
32.1875	81.6797
33.25	82.75
33.1562	84.0391
32.875	85.5625
33.5312	87.1797
36.25	88.75
38.9609	90.0312
40.6875	90.75
41.9453	90.7188
43.25	89.75
43.6738	89.1533
43.6406	88.8203
43.4434	88.6865
46.873	88.8545
50.25	88.75
58.0781	87.3359
64.875	84.1875
70.3594	79.8203
74.25	74.75
76.4453	70.9766
77.1875	68.1875
76.7109	65.6797
75.25	62.75
74.2393	61.4873
73.1641	60.3359
72.1475	59.3135
71.3125	58.4375
70.7822	57.7256
70.6797	57.1953
71.1279	56.8643
72.25	56.75
73.5537	57.2012
74.5234	57.7344
75.2471	58.2441
75.8125	58.625
76.3076	58.7715
76.8203	58.5781
77.4385	57.9395
78.25	56.75
79.1797	54.1641
79.6875	52.1875
79.7266	50.4922
79.25	48.75
78.7617	48.2314
78.1562	47.7891
77.5977	47.4053
77.25	47.0625
77.2773	46.7432
77.8438	46.4297
79.1133	46.1045
81.25	45.75
83.7119	45.4023
85.8516	44.5042
87.6748	43.2734
89.1875	41.9277
90.3955	40.6848
91.3047	39.7625
91.9209	39.3782
92.25	39.75
16.25	39.75
16.25	70.75

#Polyline:
#281.25	43.75
#568.25	43.75

#Polyline:
#281.25	48.75
#568.25	48.75

#Polyline:
#281.25	53.75
#568.25	53.75

#Polyline:
#281.25	58.75
#568.25	58.75

#Polyline:
#281.25	62.75
#568.25	62.75

#Polyline:
#281.25	68.75
#568.25	68.75

#Polyline:
#281.25	73.75
#568.25	73.75

#Polyline:
#281.25	78.75
#568.25	78.75

#Polyline:
243.25	251.75
323.25	234.75
346.25	272.75
368.25	247.75
369.465	247.645
372.156	247.469
374.895	247.434
376.25	247.75
376.55	220.971
376.445	195.562
375.274	170.951
372.375	146.562
367.085	121.822
358.742	96.1562
346.685	68.9902
330.25	39.75
327.558	39.7529
146.35	39.8608
93.8103	39.7913
91.25	39.75
107.999	70.7012
123.195	97.0938
137.419	119.643
151.25	139.062
165.269	156.068
180.055	171.375
196.188	185.697
214.25	199.75
221.373	209.909
226.652	218.609
230.42	226.094
233.01	232.604
234.755	238.382
235.988	243.671
237.042	248.713
238.25	253.75
238.967	256.033
239.77	256.918
240.601	256.743
241.406	255.844
242.129	254.558
242.715	253.223
243.107	252.174
243.25	251.75

#Polyline:
243.25	251.75
323.25	234.75
346.25	272.75
368.25	247.75
369.465	247.645
372.156	247.469
374.895	247.434
376.25	247.75
376.55	220.971
376.445	195.562
375.274	170.951
372.375	146.562
367.085	121.822
358.742	96.1562
346.685	68.9902
330.25	39.75
327.558	39.7529
146.35	39.8608
93.8103	39.7913
91.25	39.75
107.999	70.7012
123.195	97.0938
137.419	119.643
151.25	139.062
165.269	156.068
180.055	171.375
196.188	185.697
214.25	199.75
221.373	209.909
226.652	218.609
230.42	226.094
233.01	232.604
234.755	238.382
235.988	243.671
237.042	248.713
238.25	253.75
238.967	256.033
239.77	256.918
240.601	256.743
241.406	255.844
242.129	254.558
242.715	253.223
243.107	252.174
243.25	251.75

#Polyline:
359.25	484.75
378.886	485.129
393.85	485.906
405.764	487.105
416.25	488.75
424.625	490.727
430.938	492.188
435.656	493.18
439.25	493.75
440.445	494.251
442.547	495.689
445.441	497.973
449.009	501.007
453.136	504.697
457.706	508.95
462.604	513.672
467.712	518.768
472.915	524.145
478.097	529.708
483.142	535.365
487.933	541.02
492.356	546.58
496.294	551.951
499.63	557.039
502.25	561.75
506.211	568.078
510.5	573.188
514.414	577.078
517.25	579.75
517.496	580.869
516.121	582.418
513.616	584.219
510.469	586.094
507.169	587.863
504.207	589.348
502.071	590.37
501.25	590.75
500.427	589.866
498.103	587.368
494.492	583.488
489.809	578.457
484.268	572.508
478.086	565.873
471.477	558.782
464.656	551.469
457.838	544.164
451.238	537.1
445.07	530.509
439.551	524.621
434.894	519.67
431.315	515.886
429.029	513.502
428.25	512.75
425.095	512.703
416.93	512.422
405.425	511.977
392.25	511.438
379.075	510.875
367.57	510.359
359.405	509.961
356.25	509.75
355.82	508.589
355.152	505.996
354.338	502.459
353.469	498.469
352.634	494.513
351.926	491.082
351.434	488.665
351.25	487.75
352.465	487.316
355.156	486.344
357.895	485.324
359.25	484.75

#Polyline:
359.25	484.75
378.886	485.129
393.85	485.906
405.764	487.105
416.25	488.75
424.625	490.727
430.938	492.188
435.656	493.18
439.25	493.75
440.445	494.251
442.547	495.689
445.441	497.973
449.009	501.007
453.136	504.697
457.706	508.95
462.604	513.672
467.712	518.768
472.915	524.145
478.097	529.708
483.142	535.365
487.933	541.02
492.356	546.58
496.294	551.951
499.63	557.039
502.25	561.75
506.211	568.078
510.5	573.188
514.414	577.078
517.25	579.75
517.496	580.869
516.121	582.418
513.616	584.219
510.469	586.094
507.169	587.863
504.207	589.348
502.071	590.37
501.25	590.75
500.427	589.866
498.103	587.368
494.492	583.488
489.809	578.457
484.268	572.508
478.086	565.873
471.477	558.782
464.656	551.469
457.838	544.164
451.238	537.1
445.07	530.509
439.551	524.621
434.894	519.67
431.315	515.886
429.029	513.502
428.25	512.75
425.095	512.703
416.93	512.422
405.425	511.977
392.25	511.438
379.075	510.875
367.57	510.359
359.405	509.961
356.25	509.75
355.82	508.589
355.152	505.996
354.338	502.459
353.469	498.469
352.634	494.513
351.926	491.082
351.434	488.665
351.25	487.75
352.465	487.316
355.156	486.344
357.895	485.324
359.25	484.75

#Polyline:
370.25	496.75
368.539	486.094
366.875	478.438
365.398	473.688
364.25	471.75
329.25	476.75
323.25	489.75
370.25	496.75

#Polyline:
370.25	496.75
368.539	486.094
366.875	478.438
365.398	473.688
364.25	471.75
329.25	476.75
323.25	489.75
370.25	496.75

#Polyline:
353.25	493.75
371.9	494.039
387.422	495.312
399.358	497.055
407.25	498.75
414.629	500.003
421.032	500.238
427.044	501.479
433.25	505.75
440.694	513.383
448.227	521.113
455.864	529.248
463.625	538.094
471.526	547.959
479.586	559.152
487.821	571.98
496.25	586.75
495.272	586.891
492.691	587.27
489.039	587.818
484.844	588.469
480.637	589.155
476.949	589.809
474.31	590.363
473.25	590.75
461.109	578.281
450.562	569.188
441.609	562.625
434.25	557.75
420.688	547.75
408.25	534.75
399.617	534.445
388.5	535.5
376.258	536.93
364.25	537.75
359.255	535.788
355.887	530.77
353.848	523.718
352.844	515.656
352.578	507.606
352.754	500.59
353.077	495.63
353.25	493.75

#Polyline:
353.25	493.75
371.9	494.039
387.422	495.312
399.358	497.055
407.25	498.75
414.629	500.003
421.032	500.238
427.044	501.479
433.25	505.75
440.694	513.383
448.227	521.113
455.864	529.248
463.625	538.094
471.526	547.959
479.586	559.152
487.821	571.98
496.25	586.75
495.272	586.891
492.691	587.27
489.039	587.818
484.844	588.469
480.637	589.155
476.949	589.809
474.31	590.363
473.25	590.75
461.109	578.281
450.562	569.188
441.609	562.625
434.25	557.75
420.688	547.75
408.25	534.75
399.617	534.445
388.5	535.5
376.258	536.93
364.25	537.75
359.255	535.788
355.887	530.77
353.848	523.718
352.844	515.656
352.578	507.606
352.754	500.59
353.077	495.63
353.25	493.75

#Polyline:
500.25	582.75
503.023	578.893
509.125	575.787
515.789	573.412
520.25	571.75
521.589	571.292
522.784	570.944
523.823	570.842
524.695	571.121
525.385	571.916
525.883	573.363
526.176	575.596
526.25	578.75
527.002	582.65
528.707	585.637
531.011	588.415
533.565	591.685
536.018	596.15
538.017	602.515
539.211	611.48
539.25	623.75
537.617	623.994
533.777	624.48
528.479	625.125
522.469	625.844
516.494	626.55
511.301	627.16
507.637	627.588
506.25	627.75
505.98	625.847
505.271	620.824
504.274	613.709
503.14	605.531
502.02	597.317
501.064	590.097
500.424	584.898
500.25	582.75

#Polyline:
500.25	582.75
503.023	578.893
509.125	575.787
515.789	573.412
520.25	571.75
521.589	571.292
522.784	570.944
523.823	570.842
524.695	571.121
525.385	571.916
525.883	573.363
526.176	575.596
526.25	578.75
527.002	582.65
528.707	585.637
531.011	588.415
533.565	591.685
536.018	596.15
538.017	602.515
539.211	611.48
539.25	623.75
537.617	623.994
533.777	624.48
528.479	625.125
522.469	625.844
516.494	626.55
511.301	627.16
507.637	627.588
506.25	627.75
505.98	625.847
505.271	620.824
504.274	613.709
503.14	605.531
502.02	597.317
501.064	590.097
500.424	584.898
500.25	582.75

#Polyline:
562.25	628.75
522.207	631.589
484.193	633.986
448.052	635.906
413.625	637.312
380.757	638.168
349.291	638.436
319.07	638.079
289.938	637.062
261.737	635.348
234.311	632.9
207.503	629.682
181.156	625.656
155.115	620.787
129.221	615.037
103.318	608.37
77.25	600.75
52.25	575.75
55.5435	571.218
59.7761	568.061
64.6333	566.472
69.7993	566.641
74.9592	568.762
79.7976	573.026
83.9998	579.625
87.25	588.75
87.9167	592.139
88.3882	594.545
88.9167	596.191
89.7546	597.297
91.1545	598.085
93.3689	598.776
96.6499	599.59
101.25	600.75
104.327	601.725
110.895	603.638
120.941	606.288
134.449	609.476
151.404	613.001
171.792	616.664
195.599	620.262
222.809	623.597
253.407	626.468
287.38	628.675
324.712	630.017
365.389	630.294
409.396	629.307
456.718	626.854
507.341	622.735
561.25	616.75
562.25	628.75

#Polyline:
305.25	633.75
334.843	634.587
359.695	635.055
380.95	635.183
399.75	635
417.237	634.536
434.555	633.82
452.845	632.882
473.25	631.75

#Polyline:
213.25	626.75
192.275	623.861
173.856	620.989
157.534	618.11
142.847	615.2
129.335	612.233
116.539	609.186
103.997	606.033
91.25	602.75
87.2598	601.549
84.5742	600.454
82.9504	599.387
82.1453	598.27
81.9155	597.026
82.0186	595.577
82.2109	593.844
82.25	591.75
81.8979	588.268
80.7563	584.724
78.8594	581.307
76.2417	578.206
72.9375	575.611
68.9812	573.71
64.4072	572.694
59.25	572.75

#Polyline:
73.25	594.75
75.0645	593.254
75.9531	590.754
75.834	587.697
74.625	584.531
72.2441	581.706
68.6094	579.668
63.6387	578.867
57.25	579.75
73.25	594.75

#Polyline:
312.25	573.75
311.514	572.011
310.539	571.133
308.919	570.313
306.25	568.75
306.858	567.3
307.508	566.281
308.056	565.561
308.36	565.005
308.274	564.48
307.657	563.852
306.363	562.986
304.25	561.75
303.772	560.314
304.384	558.51
305.429	556.826
306.25	555.75
306.105	554.772
305.792	553.609
305.255	552.368
304.438	551.156
303.284	550.081
301.739	549.25
299.746	548.771
297.25	548.75
294.01	548.191
288.578	546.719
281.764	544.637
274.375	542.25
267.221	539.863
261.109	537.781
256.85	536.309
255.25	535.75
229.25	608.75
229.025	610.522
228.434	615.191
227.602	621.789
226.656	629.344
225.722	636.887
224.926	643.449
224.393	648.06
224.25	649.75
233.256	651.03
242.372	654.051
251.579	657.867
260.854	661.532
270.18	664.099
279.535	664.622
288.898	662.154
298.25	655.75
306.694	646.537
312.406	638.27
315.883	631.022
317.627	624.872
318.135	619.893
317.909	616.163
317.448	613.757
317.25	612.75
315.96	609.786
315.007	607.575
314.371	605.897
314.031	604.531
313.969	603.253
314.165	601.845
314.598	600.085
315.25	597.75
315.796	594.194
316.233	591.642
316.59	589.869
316.898	588.647
317.188	587.751
317.49	586.954
317.833	586.029
318.25	584.75
319.094	582.912
319	581.672
318.531	580.971
318.25	580.75
316.74	579.526
314.726	579.204
312.475	579.156
310.25	578.75
309.406	578.318
309.197	577.65
309.46	576.836
310.036	575.967
310.763	575.133
311.482	574.425
312.031	573.934
312.25	573.75

#Polyline:
312.25	573.75
311.514	572.011
310.539	571.133
308.919	570.313
306.25	568.75
306.858	567.3
307.508	566.281
308.056	565.561
308.36	565.005
308.274	564.48
307.657	563.852
306.363	562.986
304.25	561.75
303.772	560.314
304.384	558.51
305.429	556.826
306.25	555.75
306.105	554.772
305.792	553.609
305.255	552.368
304.438	551.156
303.284	550.081
301.739	549.25
299.746	548.771
297.25	548.75
294.01	548.191
288.578	546.719
281.764	544.637
274.375	542.25
267.221	539.863
261.109	537.781
256.85	536.309
255.25	535.75
229.25	608.75
229.025	610.522
228.434	615.191
227.602	621.789
226.656	629.344
225.722	636.887
224.926	643.449
224.393	648.06
224.25	649.75
233.256	651.03
242.372	654.051
251.579	657.867
260.854	661.532
270.18	664.099
279.535	664.622
288.898	662.154
298.25	655.75
306.694	646.537
312.406	638.27
315.883	631.022
317.627	624.872
318.135	619.893
317.909	616.163
317.448	613.757
317.25	612.75
315.96	609.786
315.007	607.575
314.371	605.897
314.031	604.531
313.969	603.253
314.165	601.845
314.598	600.085
315.25	597.75
315.796	594.194
316.233	591.642
316.59	589.869
316.898	588.647
317.188	587.751
317.49	586.954
317.833	586.029
318.25	584.75
319.094	582.912
319	581.672
318.531	580.971
318.25	580.75
316.74	579.526
314.726	579.204
312.475	579.156
310.25	578.75
309.406	578.318
309.197	577.65
309.46	576.836
310.036	575.967
310.763	575.133
311.482	574.425
312.031	573.934
312.25	573.75

#Polyline:
211.25	510.75
205.366	513.354
200.133	515.219
195.333	516.146
190.75	515.938
186.167	514.393
181.367	511.312
176.134	506.498
170.25	499.75
164.801	499.403
160.078	499.086
155.801	498.476
151.688	497.25
147.457	495.087
142.828	491.664
137.52	486.659
131.25	479.75
137.338	478.87
141.281	477.82
143.818	476.454
145.688	474.625
147.627	472.187
150.375	468.992
154.67	464.896
161.25	459.75
168.507	454.563
174.914	450.273
180.771	447.19
186.375	445.625
192.026	445.888
198.023	448.289
204.665	453.14
212.25	460.75
220.18	458.492
226.375	455.625
232.008	451.82
238.25	446.75
238.135	448.999
237.988	455.082
237.5	483.598
237.371	492.277
237.283	498.419
237.25	500.75
211.25	510.75

#Polyline:
207.25	526.75
206.814	522.312
206.719	518.102
207.373	513.997
209.188	509.875
212.572	505.612
217.938	501.086
225.693	496.173
236.25	490.75
242.25	509.75
207.25	526.75

#Polyline:
207.25	526.75
206.814	522.312
206.719	518.102
207.373	513.997
209.188	509.875
212.572	505.612
217.938	501.086
225.693	496.173
236.25	490.75
242.25	509.75
207.25	526.75

#Polyline:
294.25	627.75
290.309	622.202
286.834	618.876
283.567	616.987
280.25	615.75
276.839	612.946
274.79	607.404
274.972	598.785
278.25	586.75
276.023	586.453
275.17	585.824
275.106	584.658
275.25	582.75
272.7	593.433
269.982	601.167
265.898	606.442
259.25	609.75
255.708	609.619
252.805	607.382
250.512	603.343
248.803	597.806
247.65	591.075
247.025	583.453
246.901	575.243
247.25	566.75
228.25	554.75
227.498	562.647
227.56	568.678
227.851	573.47
227.785	577.649
226.778	581.841
224.243	586.671
219.595	592.765
212.25	600.75
206.413	608.672
202.525	617.472
200.677	626.616
200.961	635.569
203.468	643.794
208.291	650.756
215.521	655.92
225.25	658.75
225.088	662.125
226.143	665.575
228.437	668.922
231.991	671.983
236.828	674.578
242.969	676.524
250.436	677.642
259.25	677.75
267.383	676.977
273.25	675.682
277.213	674.06
279.638	672.301
280.89	670.598
281.333	669.144
281.332	668.131
281.25	667.75
285.347	667.674
289.593	667.496
293.875	667.147
298.081	666.556
302.095	665.651
305.806	664.362
309.099	662.618
311.861	660.348
313.98	657.481
315.34	653.946
315.83	649.673
315.336	644.591
313.744	638.628
310.942	631.714
306.815	623.779
301.25	614.75
302.771	623.141
303.607	629.783
303.795	634.922
303.37	638.807
302.367	641.685
300.823	643.803
298.772	645.409
296.25	646.75
297.218	638.503
296.388	632.559
294.989	628.959
294.25	627.75

#Polyline:
207.25	524.75
210.864	522.483
215.727	519.93
221.304	517.271
227.062	514.688
232.47	512.362
236.992	510.477
240.097	509.212
241.25	508.75
239.25	504.75
232.211	504.793
223.25	507.344
214.289	512.098
207.25	518.75
207.145	521.27
207.215	524.34
207.25	524.75

#Polyline:
207.25	524.75
210.864	522.483
215.727	519.93
221.304	517.271
227.062	514.688
232.47	512.362
236.992	510.477
240.097	509.212
241.25	508.75
239.25	504.75
232.211	504.793
223.25	507.344
214.289	512.098
207.25	518.75
207.145	521.27
207.215	524.34
207.25	524.75

#Polyline:
298.25	546.75
288.651	556.816
278.834	565.779
268.44	573.146
257.109	578.422
244.484	581.114
230.205	580.729
213.913	576.772
195.25	568.75
196.415	553.266
199.069	540.082
203.087	529.224
208.344	520.719
214.714	514.592
222.072	510.871
230.292	509.582
239.25	510.75
298.25	546.75

#Polyline:
298.25	546.75
288.651	556.816
278.834	565.779
268.44	573.146
257.109	578.422
244.484	581.114
230.205	580.729
213.913	576.772
195.25	568.75
196.415	553.266
199.069	540.082
203.087	529.224
208.344	520.719
214.714	514.592
222.072	510.871
230.292	509.582
239.25	510.75
298.25	546.75

#Polyline:
351.25	541.75
367.25	539.75
361.961	519.016
358.875	502.312
357.477	489.828
357.25	481.75
344.885	482.111
333.188	482.531
312.312	482.938
303.393	482.619
295.656	481.75
289.232	480.178
284.25	477.75
298.25	468.75
299.25	456.75
270.25	450.75
238.25	483.75
241.25	513.75
244.447	522.167
247.375	529.289
250.443	535.204
254.062	540
258.643	543.765
264.594	546.586
272.326	548.552
282.25	549.75
291.401	549.476
300.67	548.599
309.779	547.316
318.452	545.826
326.412	544.326
333.383	543.015
339.088	542.09
343.25	541.75
343.581	539.722
345.305	539.024
348.001	539.688
351.25	541.75

#Polyline:
351.25	541.75
367.25	539.75
361.961	519.016
358.875	502.312
357.477	489.828
357.25	481.75
344.885	482.111
333.188	482.531
312.312	482.938
303.393	482.619
295.656	481.75
289.232	480.178
284.25	477.75
298.25	468.75
299.25	456.75
270.25	450.75
238.25	483.75
241.25	513.75
244.447	522.167
247.375	529.289
250.443	535.204
254.062	540
258.643	543.765
264.594	546.586
272.326	548.552
282.25	549.75
291.401	549.476
300.67	548.599
309.779	547.316
318.452	545.826
326.412	544.326
333.383	543.015
339.088	542.09
343.25	541.75
343.581	539.722
345.305	539.024
348.001	539.688
351.25	541.75

#Polyline:
333.25	484.75
335.322	480.161
337.721	476.244
340.346	472.868
343.098	469.902
345.874	467.217
348.574	464.68
351.097	462.162
353.344	459.531
355.212	456.657
356.602	453.41
357.412	449.657
357.543	445.27
356.893	440.116
355.361	434.065
352.847	426.987
349.25	418.75
351.176	406.475
353.256	395.886
355.427	386.825
357.625	379.133
359.788	372.651
361.854	367.22
363.758	362.681
365.438	358.875
366.83	355.644
367.873	352.827
368.503	350.267
368.656	347.805
368.271	345.281
367.283	342.536
365.631	339.412
363.25	335.75
362.52	335.316
360.969	334.344
359.559	333.324
359.25	332.75
358.477	332.109
357.712	331.344
357	330.438
356.569	329.508
356.648	328.672
357.466	328.047
359.25	327.75
361.41	326.929
363.547	324.695
365.613	320.552
367.562	314
369.348	304.542
370.922	291.68
372.238	274.915
373.25	253.75
381.25	245.75
380.81	244.686
379.652	241.879
378.02	237.906
376.156	233.344
374.304	228.77
372.707	224.762
371.608	221.896
371.25	220.75
367.581	229.689
364.539	237
361.978	242.951
359.75	247.812
357.71	251.854
355.711	255.344
353.606	258.553
351.25	261.75
343.367	245.148
336.75	231.125
331.633	219.914
328.25	211.75
317.645	218.479
306.359	225.133
294.535	231.376
282.312	236.875
269.832	241.296
257.234	244.305
244.66	245.567
232.25	244.75
237.276	259.274
241.289	271.461
244.845	281.761
248.5	290.625
252.812	298.505
258.336	305.852
265.63	313.116
275.25	320.75
273.456	324.435
271.972	327.472
270.738	329.926
269.696	331.863
268.785	333.348
267.947	334.447
267.122	335.226
266.25	335.75
263.027	337.755
260.973	339.597
259.695	341.767
258.803	344.758
257.904	349.06
256.606	355.165
254.519	363.565
251.25	374.75
250.109	378.406
249.484	381.172
249.352	383.398
249.688	385.438
250.469	387.641
251.672	390.359
253.273	393.945
255.25	398.75
253.812	398.391
253.312	399.438
253.281	401.141
253.25	402.75
252.646	402.196
251.938	401.775
251.25	402.75
245.278	417.259
239.898	432.711
235.632	448.901
233	465.625
232.524	482.677
234.727	499.852
240.128	516.944
249.25	533.75
245.892	522.604
243.881	511.917
243.221	501.783
243.913	492.299
245.96	483.558
249.363	475.656
254.126	468.689
260.25	462.75
267.238	458.262
274.531	455.719
282.434	455.191
291.25	456.75
293.367	458.38
294.913	460.126
295.71	462.055
295.581	464.233
294.347	466.725
291.833	469.598
287.86	472.917
282.25	476.75
287.384	480.18
294.543	482.535
302.891	484.005
311.594	484.781
319.816	485.053
326.723	485.012
331.479	484.847
333.25	484.75

#Polyline:
457.25	575.75
456.475	576.127
456.091	577.957
456.407	580.585
457.729	583.356
460.367	585.614
464.628	586.702
470.819	585.967
479.25	582.75
484.649	579.078
488.562	575.266
491.014	571.517
492.031	568.031
491.637	565.011
489.859	562.656
486.722	561.169
482.25	560.75
483.777	562.478
485.201	563.847
486.284	565.039
486.787	566.237
486.473	567.624
485.104	569.384
482.442	571.698
478.25	574.75
473.222	578.122
469.154	580.053
465.908	580.799
463.348	580.618
461.339	579.766
459.743	578.5
458.426	577.075
457.25	575.75

#Polyline:
461.25	581.75
463.175	582.911
465.531	583.551
467.996	583.791
470.25	583.75
472.352	583.02
473.563	582.379
474.117	581.923
474.25	581.75
470.001	582.277
466.607	582.379
464.015	582.194
462.172	581.859
461.027	581.51
460.526	581.285
461.25	581.75

#Polyline:
310.25	647.75
316.437	647.808
320.955	645.391
323.934	641.016
325.502	635.195
325.788	628.443
324.923	621.275
323.033	614.206
320.25	607.75
319.074	617.92
317.138	627.06
314.258	633.545
310.25	635.75
308.64	636.101
307.884	637.383
307.786	639.295
308.147	641.535
308.771	643.802
309.461	645.794
310.02	647.211
310.25	647.75

#Polyline:
284.25	663.75
284.871	668.694
284.826	673.382
284.305	677.683
283.5	681.464
282.601	684.593
281.799	686.938
281.285	688.368
281.25	688.75
285.658	680.52
287.696	673.129
288.261	667.799
288.25	665.75
284.25	663.75

#Polyline:
274.25	682.75
277.111	678.913
278.786	673.937
279.443	669.117
279.25	665.75

#Polyline:
276.25	685.75
278.931	682.217
280.935	678.324
282.36	674.327
283.303	670.482
283.866	667.046
284.145	664.275
284.24	662.424
284.25	661.75

#Polyline:
297.25	661.75
302.294	662.33
306.024	664.083
308.609	666.678
310.217	669.786
311.016	673.078
311.176	676.222
310.865	678.889
310.25	680.75
308.714	674.909
305.728	670.161
300.753	666.708
293.25	664.75
297.25	661.75

#Polyline:
295.25	661.75
297.73	665.899
299.156	671.17
298.379	676.98
294.25	682.75

#Polyline:
300.25	681.75
301.533	677.665
302.32	674.549
302.532	672.055
302.092	669.836
300.922	667.543
298.943	664.83
296.078	661.348
292.25	656.75

#Polyline:
312.25	648.75
315.68	648.718
318.979	648.266
322.026	647.236
324.7	645.464
326.881	642.791
328.447	639.055
329.277	634.095
329.25	627.75

#Polyline:
307.25	650.75
313.027	651.237
317.559	651.196
321.937	649.682
327.25	645.75
329.202	643.238
330.392	640.595
331.011	638.53
331.25	637.75

#Polyline:
304.25	664.75
305.367	664.568
307.457	664.504
310.177	664.292
313.185	663.667
316.138	662.366
318.695	660.122
320.513	656.672
321.25	651.75

#Polyline:
311.25	639.75
311.524	639.675
312.2	639.296
313.054	638.384
313.866	636.707
314.413	634.035
314.474	630.139
313.827	624.787
312.25	617.75

#Polyline:
313.25	612.75
313.965	614.085
312.17	615.427
306.915	616.179
297.25	615.75
305.094	615.527
309.656	614.25
312.016	612.973
313.25	612.75

#Polyline:
308.25	604.75
309.025	602.529
309.047	601.234
308.42	600.197
307.25	598.75
304.453	599.762
302.875	600.375
301.484	601.176
299.25	602.75
302.783	603.977
305.672	604.688
307.6	604.93
308.25	604.75

#Polyline:
307.25	604.75
306.247	603.38
305.916	602.05
306.252	600.571
307.25	598.75
308.429	600.404
308.969	601.742
308.899	603.084
308.25	604.75
307.25	604.75

#Polyline:
305.25	583.75
305.251	582.571
306.008	581.164
307.385	580.05
309.25	579.75

#Polyline:
311.25	574.75
310.559	574.128
309.656	573.313
308.051	571.967
305.25	569.75
306.105	566.697
307.047	565.047
307.84	564.498
308.25	564.75
308.779	566.233
308.352	567.828
307.373	569.134
306.25	569.75
309.446	571.043
311.101	572.031
311.831	572.879
312.25	573.75
311.511	574.544
311.25	574.75

#Polyline:
298.25	602.75
300.838	601.258
303.173	600.173
305.546	599.376
308.25	598.75
308.25	597.75

#Polyline:
297.25	601.75
300.086	602.493
304.047	603.405
308.359	604.99
312.25	607.75
310.321	607.005
308	606.128
305.49	605.183
302.996	604.236
300.721	603.354
298.869	602.601
297.644	602.045
297.25	601.75

#Polyline:
213.25	575.75
218.515	557.985
225.888	543.666
234.943	533.139
245.25	526.75
244.601	524.385
243.266	521.982
241.321	519.693
238.844	517.668
235.909	516.058
232.594	515.012
228.974	514.683
225.125	515.219
221.124	516.772
217.047	519.492
212.97	523.53
208.969	529.035
205.12	536.16
201.5	545.053
198.185	555.867
195.25	568.75
201.662	571.482
207.474	573.994
211.674	575.634
213.25	575.75

#Polyline:
343.25	541.75
335.084	536.184
326.297	530.406
318.236	525.051
312.25	520.75

#Polyline:
351.25	541.75
341.657	534.388
332.488	528.498
323.2	523.233
313.25	517.75

#Polyline:
313.25	494.75
298.367	486.914
286.438	479.875
278.164	473.023
274.25	465.75

#Polyline:
229.25	580.75
233.84	572.152
238.219	560.719
242.363	546.051
246.25	527.75

#Polyline:
235.25	580.75
241.574	563.297
244.969	548.375
246.254	535.891
246.25	525.75
247.823	537.559
248.283	547.191
247.856	555.048
246.766	561.531
245.236	567.042
243.49	571.98
241.754	576.75
240.25	581.75
239.609	581.629
238.312	581.531
236.734	581.293
235.25	580.75

#Polyline:
248.25	580.75
251.552	569.439
253.532	558.946
253.371	548.105
250.25	535.75
252.701	541.668
254.604	546.87
255.934	551.655
256.672	556.32
256.794	561.164
256.279	566.485
255.105	572.581
253.25	579.75
251.569	580.093
250.017	580.448
248.831	580.704
248.25	580.75

#Polyline:
248.25	580.75
251.552	569.439
253.532	558.946
253.371	548.105
250.25	535.75
252.701	541.668
254.604	546.87
255.934	551.655
256.672	556.32
256.794	561.164
256.279	566.485
255.105	572.581
253.25	579.75
251.569	580.093
250.017	580.448
248.831	580.704
248.25	580.75

#Polyline:
258.25	577.75
260.465	569.504
261.393	560.33
260.999	551.366
259.25	543.75
265.348	546.586
270.719	548.438
275.105	549.445
278.25	549.75
279.441	551.646
280.375	553.289
281.027	554.804
281.395	557.938
281.062	559.805
280.355	562.034
279.25	564.75
272.043	570.441
265.176	574.724
260.095	577.271
258.25	577.75

#Polyline:
207.25	514.75
208.174	514.047
210.73	512.152
214.525	509.512
219.163	506.573
224.249	503.781
229.389	501.582
234.188	500.423
238.25	500.75
236.25	494.75
227.911	497.658
220.034	501.733
213.015	507.317
207.25	514.75

#Polyline:
191.25	515.75
185.748	509.39
181.082	503.692
177.263	498.11
174.302	492.094
172.209	485.099
170.996	476.574
170.673	465.974
171.25	452.75
180	447.516
186.688	445.562
192.906	446.703
200.25	450.75
195.55	457.911
191.852	465.336
189.29	473.03
188	481
188.116	489.251
189.773	497.789
193.106	506.62
198.25	515.75
195.587	515.948
193.377	516.09
191.854	516.062
191.25	515.75

#Polyline:
191.25	515.75
185.748	509.39
181.082	503.692
177.263	498.11
174.302	492.094
172.209	485.099
170.996	476.574
170.673	465.974
171.25	452.75
180	447.516
186.688	445.562
192.906	446.703
200.25	450.75
195.55	457.911
191.852	465.336
189.29	473.03
188	481
188.116	489.251
189.773	497.789
193.106	506.62
198.25	515.75
195.587	515.948
193.377	516.09
191.854	516.062
191.25	515.75

#Polyline:
201.25	514.75
198.588	508.846
196.219	502.812
194.412	496.451
193.438	489.562
193.564	481.947
195.062	473.406
198.201	463.74
203.25	452.75
205.922	454.914
208.688	457.5
210.984	459.711
212.25	460.75
208.957	468.189
205.828	475.594
203.145	482.811
201.188	489.688
200.238	496.072
200.578	501.812
202.488	506.756
206.25	510.75
206.116	506.617
206.727	502.578
208.192	498.516
210.625	494.312
214.136	489.852
218.836	485.016
224.837	479.688
232.25	473.75
232.266	479.164
232.188	482.75
232.391	486.336
233.25	491.75
224.422	496.578
216.812	501.688
211.172	507.078
208.25	512.75
201.25	514.75

#Polyline:
201.25	514.75
198.588	508.846
196.219	502.812
194.412	496.451
193.438	489.562
193.564	481.947
195.062	473.406
198.201	463.74
203.25	452.75
205.922	454.914
208.688	457.5
210.984	459.711
212.25	460.75
208.957	468.189
205.828	475.594
203.145	482.811
201.188	489.688
200.238	496.072
200.578	501.812
202.488	506.756
206.25	510.75
206.116	506.617
206.727	502.578
208.192	498.516
210.625	494.312
214.136	489.852
218.836	485.016
224.837	479.688
232.25	473.75
232.266	479.164
232.188	482.75
232.391	486.336
233.25	491.75
224.422	496.578
216.812	501.688
211.172	507.078
208.25	512.75
201.25	514.75

#Polyline:
268.25	442.75
253.25	402.75

#Polyline:
269.25	435.75
268.788	434.516
267.566	431.27
265.835	426.693
263.844	421.469
261.84	416.28
260.074	411.809
258.794	408.738
258.25	407.75

#Polyline:
293.25	480.75
294.678	474.898
295.719	470.078
296.291	465.984
296.312	462.312
295.701	458.758
294.375	455.016
292.252	450.781
289.25	445.75

#Polyline:
349.25	417.75
347.449	415.461
346.082	413.713
345.092	412.44
344.423	411.575
344.021	411.052
343.829	410.803
343.961	411.039
344.055	411.222
343.984	411.345
343.198	410.699
342.396	409.921
341.25	408.75

#Polyline:
336.25	339.75
338.25	329.75
343.25	338.75
340.25	348.75
336.25	339.75

#Polyline:
336.25	339.75
338.25	329.75
343.25	338.75
340.25	348.75
336.25	339.75

#Polyline:
329.25	340.75
331.25	330.75
335.25	339.75
333.25	349.75
329.25	340.75

#Polyline:
329.25	340.75
331.25	330.75
335.25	339.75
333.25	349.75
329.25	340.75

#Polyline:
322.25	340.75
325.25	330.75
328.25	340.75
325.25	350.75
322.25	340.75

#Polyline:
322.25	340.75
325.25	330.75
328.25	340.75
325.25	350.75
322.25	340.75

#Polyline:
314.25	340.75
318.25	330.75
321.25	340.75
318.25	350.75
314.25	340.75

#Polyline:
314.25	340.75
318.25	330.75
321.25	340.75
318.25	350.75
314.25	340.75

#Polyline:
307.25	340.75
312.25	330.75
314.25	340.75
309.25	350.75
307.25	340.75

#Polyline:
307.25	340.75
312.25	330.75
314.25	340.75
309.25	350.75
307.25	340.75

#Polyline:
300.25	339.75
305.25	330.75
307.25	340.75
302.25	349.75
300.25	339.75

#Polyline:
300.25	339.75
305.25	330.75
307.25	340.75
302.25	349.75
300.25	339.75

#Polyline:
293.25	338.75
298.25	329.75
300.25	340.75
294.25	349.75
293.25	338.75

#Polyline:
293.25	338.75
298.25	329.75
300.25	340.75
294.25	349.75
293.25	338.75

#Polyline:
286.25	337.75
291.25	328.75
292.25	338.75
287.25	347.75
286.25	337.75

#Polyline:
286.25	337.75
291.25	328.75
292.25	338.75
287.25	347.75
286.25	337.75

#Polyline:
278.25	335.75
285.25	327.75
285.25	338.75
279.25	346.75
278.25	335.75

#Polyline:
278.25	335.75
285.25	327.75
285.25	338.75
279.25	346.75
278.25	335.75

#Polyline:
272.25	332.75
279.25	324.75
278.25	334.75
271.25	342.75
272.25	332.75

#Polyline:
272.25	332.75
279.25	324.75
278.25	334.75
271.25	342.75
272.25	332.75

#Polyline:
266.25	335.75
270.026	340.884
274.26	344.617
279.559	347.167
286.528	348.75
295.775	349.583
307.907	349.883
323.529	349.866
343.25	349.75
350.067	349.22
355.129	347.668
358.697	345.43
361.031	342.844
362.393	340.246
363.043	337.973
363.242	336.362
363.25	335.75

#Polyline:
271.25	320.75
279.508	324.57
287.578	327.547
296	329.609
305.312	330.688
316.055	330.711
328.766	329.609
343.984	327.312
362.25	323.75

#Polyline:
351.25	325.75
364.25	322.75
361.25	346.75
348.25	350.75
351.25	325.75

#Polyline:
351.25	325.75
364.25	322.75
361.25	346.75
348.25	350.75
351.25	325.75

#Polyline:
274.25	347.75
276.649	349.21
278.727	350.558
280.964	351.463
283.836	351.593
287.822	350.618
293.401	348.206
301.051	344.027
311.25	337.75
313.297	336.866
315.672	336.727
318.633	337.442
322.438	339.125
327.344	341.886
333.609	345.836
341.492	351.087
351.25	357.75
282.25	359.75
274.25	347.75

#Polyline:
269.25	355.75
280.562	352.844
289.25	349.75

#Polyline:
353.25	357.75
349.426	355.445
346.469	353.75
343.652	352.055
340.25	349.75

#Polyline:
355.25	272.75
358.117	278.445
360.188	282.875
361.789	286.742
363.25	290.75

#Polyline:
354.25	218.75
343.406	201.891
333.688	187.188
325	175.016
317.25	165.75

#Polyline:
323.25	196.75
320.877	188.331
318.648	180.504
316.443	173.116
314.141	166.016
311.622	159.05
308.766	152.066
305.453	144.913
301.562	137.438
296.975	129.487
291.57	120.91
285.228	111.554
277.828	101.266
269.25	89.8936
259.375	77.2852
248.082	63.2881
235.25	47.75

#Polyline:
241.25	241.75
237.476	235.797
233.282	228.961
228.953	221.749
224.774	214.666
221.029	208.219
218.004	202.914
215.982	199.255
215.25	197.75
199.651	165.391
186.405	132.938
174.832	101.141
164.25	70.75

#Polyline:
265.25	600.75
264.617	602.804
263.916	604.829
263.057	606.652
261.949	608.103
260.504	609.01
258.632	609.201
256.244	608.505
253.25	606.75
251.395	604.5
250.396	602.377
250.074	599.941
250.25	596.75
250.292	595.028
250.74	593.725
251.527	592.698
252.589	591.807
253.857	590.908
255.268	589.861
256.754	588.522
258.25	586.75
259.456	585.171
260.798	583.857
262.198	582.937
263.574	582.539
264.847	582.792
265.937	583.826
266.765	585.769
267.25	588.75

#Polyline:
260.25	605.75
261.384	602.953
261.347	600.922
260.012	599.306
257.25	597.75
256.118	596.896
255.667	595.927
255.77	594.933
256.303	594.005
257.143	593.232
258.163	592.705
259.241	592.514
260.25	592.75
261.851	592.909
262.903	592.726
263.629	592.305
264.25	591.75
264.995	591.378
265.517	591.66
265.404	592.488
264.25	593.75
263.605	594.53
262.904	594.963
262.212	595.182
261.597	595.321
261.126	595.514
260.867	595.894
260.886	596.594
261.25	597.75
261.538	600.371
261.145	602.969
260.554	604.957
260.25	605.75

#Polyline:
260.25	605.75
261.384	602.953
261.347	600.922
260.012	599.306
257.25	597.75
256.118	596.896
255.667	595.927
255.77	594.933
256.303	594.005
257.143	593.232
258.163	592.705
259.241	592.514
260.25	592.75
261.851	592.909
262.903	592.726
263.629	592.305
264.25	591.75
264.995	591.378
265.517	591.66
265.404	592.488
264.25	593.75
263.605	594.53
262.904	594.963
262.212	595.182
261.597	595.321
261.126	595.514
260.867	595.894
260.886	596.594
261.25	597.75
261.538	600.371
261.145	602.969
260.554	604.957
260.25	605.75

#Polyline:
257.25	606.75
255.04	605.532
253.202	604.024
251.887	601.628
251.25	597.75
252.532	594.228
255.087	591.785
257.724	590.075
259.25	588.75

#Polyline:
257.25	584.75
258.615	582.771
260.545	581.533
262.827	581.153
265.25	581.75
267.073	582.797
268.267	584.498
268.703	586.574
268.25	588.75
266.996	590.684
265.103	591.908
262.784	592.303
260.25	591.75
258.538	590.658
257.381	588.943
256.908	586.882
257.25	584.75

#Polyline:
257.25	584.75
258.615	582.771
260.545	581.533
262.827	581.153
265.25	581.75
267.073	582.797
268.267	584.498
268.703	586.574
268.25	588.75
266.996	590.684
265.103	591.908
262.784	592.303
260.25	591.75
258.538	590.658
257.381	588.943
256.908	586.882
257.25	584.75

#Polyline:
258.25	586.75
263.25	582.75
267.25	586.75
262.25	590.75
258.25	586.75

#Polyline:
309.25	579.75
310.523	580.557
311.938	581.422
313.258	581.701
314.25	580.75

#Polyline:
308.25	565.75
307.44	566.26
307.25	566.75
307.685	566.731
308.25	566.75
308.023	566.228
308.25	565.75

#Polyline:
510.25	103.75
510.075	103.417
509.902	101.706
509.487	98.8347
508.586	95.0232
506.956	90.49
504.353	85.4541
500.532	80.1345
495.25	74.75
495.25	67.75
499.323	71.8137
503.301	75.6755
506.917	79.4988
509.906	83.4468
512	87.6829
512.933	92.3699
512.438	97.6711
510.25	103.75

#Polyline:
404.25	533.75
409.883	533.836
413.688	534.062
416.273	534.383
418.25	534.75

#Polyline:
538.25	628.75
541.238	625.762
544.156	622.844
546.371	620.629
547.25	619.75

#Polyline:
549.25	628.75
550.498	627.358
551.922	625.867
553.416	624.364
554.875	622.938
556.193	621.675
557.266	620.664
557.986	619.993
558.25	619.75

#Polyline:
518.25	587.75
521.273	586.977
523.875	587
525.914	587.398
527.25	587.75

#Polyline:
514.25	617.75
516.523	615.133
518	612.75
519.102	610.367
520.25	607.75

#Polyline:
528.25	613.75
531.113	614.629
532.969	614.969
534.965	614.699
538.25	613.75

#Polyline:
538.25	637.75
537.734	631.21
536.98	626.258
536.057	622.677
535.031	620.25
533.97	618.761
532.941	617.992
532.012	617.728
531.25	617.75
530.618	617.586
530.041	617.372
529.528	617.246
529.088	617.346
528.731	617.808
528.466	618.772
528.303	620.373
528.25	622.75
528.57	629.447
528.839	634.499
529.144	638.129
529.572	640.56
530.209	642.014
531.143	642.716
532.461	642.887
534.25	642.75
535.82	642.562
537.016	642.281
537.906	641.766
538.562	640.875
539.055	639.469
539.453	637.406
539.828	634.547
540.25	630.75
538.25	630.75
538.156	630.094
538.25	630.75
538.145	633.004
538.215	637.043
538.25	637.75

#Polyline:
538.25	637.75
537.734	631.21
536.98	626.258
536.057	622.677
535.031	620.25
533.97	618.761
532.941	617.992
532.012	617.728
531.25	617.75
530.618	617.586
530.041	617.372
529.528	617.246
529.088	617.346
528.731	617.808
528.466	618.772
528.303	620.373
528.25	622.75
528.57	629.447
528.839	634.499
529.144	638.129
529.572	640.56
530.209	642.014
531.143	642.716
532.461	642.887
534.25	642.75
535.82	642.562
537.016	642.281
537.906	641.766
538.562	640.875
539.055	639.469
539.453	637.406
539.828	634.547
540.25	630.75
538.25	630.75
538.156	630.094
538.25	630.75
538.145	633.004
538.215	637.043
538.25	637.75

#Polyline:
507.25	650.75
508.91	648.973
510.031	647.031
511.012	644.949
512.25	642.75
512.082	641.195
510.719	639.688
509.121	638.461
508.25	637.75
508.279	638.309
508.043	641.863
507.844	644.25
507.632	646.637
507.441	648.719
507.303	650.191
507.25	650.75

#Polyline:
507.25	650.75
508.91	648.973
510.031	647.031
511.012	644.949
512.25	642.75
512.082	641.195
510.719	639.688
509.121	638.461
508.25	637.75
508.279	638.309
508.043	641.863
507.844	644.25
507.632	646.637
507.441	648.719
507.303	650.191
507.25	650.75

#Polyline:
529.25	638.75
528.539	641.168
527.5	642.344
526.086	642.723
524.25	642.75
523.123	642.78
522.168	642.754
521.372	642.5
520.719	641.844
520.195	640.614
519.785	638.637
519.475	635.74
519.25	631.75
519.336	632.77
519.562	635.219
519.883	638.184
520.25	640.75
519.75	642.66
518.875	643.656
517.438	643.949
515.25	643.75
513.188	644.23
511.875	644.406
510.75	643.504
509.25	640.75
507.656	637.777
506.625	635.344
506.156	633.613
506.25	632.75
506.875	632.18
508.25	630.438
509.625	628.602
510.25	627.75
511.207	623.336
512.281	620.938
513.59	619.945
515.25	619.75
517.281	619.391
518.75	619.5
519.469	620.734
519.25	623.75
520.328	620.477
521.312	618.562
522.766	617.492
525.25	616.75
527.125	616.844
528.062	617.875
528.344	619.844
528.25	622.75
528.512	626.938
528.844	632.25
529.129	636.812
529.25	638.75

#Polyline:
529.25	638.75
528.539	641.168
527.5	642.344
526.086	642.723
524.25	642.75
523.123	642.78
522.168	642.754
521.372	642.5
520.719	641.844
520.195	640.614
519.785	638.637
519.475	635.74
519.25	631.75
519.336	632.77
519.562	635.219
519.883	638.184
520.25	640.75
519.75	642.66
518.875	643.656
517.438	643.949
515.25	643.75
513.188	644.23
511.875	644.406
510.75	643.504
509.25	640.75
507.656	637.777
506.625	635.344
506.156	633.613
506.25	632.75
506.875	632.18
508.25	630.438
509.625	628.602
510.25	627.75
511.207	623.336
512.281	620.938
513.59	619.945
515.25	619.75
517.281	619.391
518.75	619.5
519.469	620.734
519.25	623.75
520.328	620.477
521.312	618.562
522.766	617.492
525.25	616.75
527.125	616.844
528.062	617.875
528.344	619.844
528.25	622.75
528.512	626.938
528.844	632.25
529.129	636.812
529.25	638.75

#Polyline:
508.25	636.75
511.265	638.035
513.547	639.399
514.929	640.439
515.25	640.75
516.073	639.308
516.564	637.519
516.663	635.493
516.312	633.344
515.454	631.183
514.029	629.122
511.981	627.274
509.25	625.75
508.795	626.003
507.91	626.98
506.75	628.444
505.469	630.156
504.223	631.88
503.168	633.379
502.458	634.415
502.25	634.75
503.293	634.957
505.344	635.656
507.348	636.402
508.25	636.75

#Polyline:
508.25	636.75
511.265	638.035
513.547	639.399
514.929	640.439
515.25	640.75
516.073	639.308
516.564	637.519
516.663	635.493
516.312	633.344
515.454	631.183
514.029	629.122
511.981	627.274
509.25	625.75
508.795	626.003
507.91	626.98
506.75	628.444
505.469	630.156
504.223	631.88
503.168	633.379
502.458	634.415
502.25	634.75
503.293	634.957
505.344	635.656
507.348	636.402
508.25	636.75

#Polyline:
493.25	571.75
494.247	569.111
495.677	567.421
497.359	566.654
499.114	566.784
500.761	567.784
502.119	569.629
503.009	572.293
503.25	575.75
503.774	582.186
505.102	586.828
506.862	590.744
508.688	595
510.208	600.662
511.055	608.797
510.858	620.471
509.25	636.75
509.002	638.854
508.908	641.158
508.597	647.943
508.167	649.719
507.417	651.033
506.25	651.75
504.638	651.992
503.325	652.058
502.266	651.875
501.418	651.373
500.737	650.481
500.178	649.127
499.697	647.241
499.25	644.75
498.916	643.456
498.037	643.269
497.562	644.031
497.111	645.133
496.719	646.402
496.42	647.666
496.25	648.75
495.504	649.926
494.406	650.469
492.98	650.402
491.25	649.75
489.289	649.429
488.313	648.75
487.806	647.57
487.25	645.75
486.687	642.767
486.291	642.099
485.625	643.256
484.25	645.75
482.942	647.461
481.573	647.948
479.793	647.585
477.25	646.75
475.923	646.337
475.231	645.148
475.049	643.261
475.25	640.75
475.133	640.18
474.5	641.062
473.492	642.789
472.25	644.75
471.207	645.715
469.906	645.906
468.277	645.77
466.25	645.75
464.727	644.821
463.812	642.626
463.367	639.494
463.25	635.75
463.36	633.977
463.287	627.242
463.25	625.75
450.25	626.75
456.488	620.848
461.633	614.699
465.588	607.075
468.25	596.75
468.457	594.895
468.594	593.531
469.059	592.777
470.25	592.75
466.755	592.649
464.112	591.922
462.232	590.771
461.03	589.398
460.418	588.007
460.308	586.8
460.615	585.98
461.25	585.75
469.062	587.938
477.25	586.75
480.602	585.539
483.812	584.938
486.742	584.992
489.25	585.75
490.121	583.281
491.156	580.25
492.238	576.469
493.25	571.75

#Polyline:
493.25	571.75
494.247	569.111
495.677	567.421
497.359	566.654
499.114	566.784
500.761	567.784
502.119	569.629
503.009	572.293
503.25	575.75
503.774	582.186
505.102	586.828
506.862	590.744
508.688	595
510.208	600.662
511.055	608.797
510.858	620.471
509.25	636.75
509.002	638.854
508.908	641.158
508.597	647.943
508.167	649.719
507.417	651.033
506.25	651.75
504.638	651.992
503.325	652.058
502.266	651.875
501.418	651.373
500.737	650.481
500.178	649.127
499.697	647.241
499.25	644.75
498.916	643.456
498.037	643.269
497.562	644.031
497.111	645.133
496.719	646.402
496.42	647.666
496.25	648.75
495.504	649.926
494.406	650.469
492.98	650.402
491.25	649.75
489.289	649.429
488.313	648.75
487.806	647.57
487.25	645.75
486.687	642.767
486.291	642.099
485.625	643.256
484.25	645.75
482.942	647.461
481.573	647.948
479.793	647.585
477.25	646.75
475.923	646.337
475.231	645.148
475.049	643.261
475.25	640.75
475.133	640.18
474.5	641.062
473.492	642.789
472.25	644.75
471.207	645.715
469.906	645.906
468.277	645.77
466.25	645.75
464.727	644.821
463.812	642.626
463.367	639.494
463.25	635.75
463.36	633.977
463.287	627.242
463.25	625.75
450.25	626.75
456.488	620.848
461.633	614.699
465.588	607.075
468.25	596.75
468.457	594.895
468.594	593.531
469.059	592.777
470.25	592.75
466.755	592.649
464.112	591.922
462.232	590.771
461.03	589.398
460.418	588.007
460.308	586.8
460.615	585.98
461.25	585.75
469.062	587.938
477.25	586.75
480.602	585.539
483.812	584.938
486.742	584.992
489.25	585.75
490.121	583.281
491.156	580.25
492.238	576.469
493.25	571.75

#Polyline:
486.25	592.75
488.329	593.851
490.231	593.811
491.643	593.24
492.25	592.75
492.357	590.779
490.863	589.774
488.107	589.532
484.427	589.854
480.162	590.538
475.652	591.383
471.235	592.187
467.25	592.75

#Polyline:
470.25	592.75
472.777	594.52
474.906	595.469
477.457	595.809
481.25	595.75

#Polyline:
478.25	629.75
478.25	620.75

#Polyline:
479.25	617.75
480.25	610.75

#Polyline:
480.25	607.75
480.371	606.586
480.656	604.062
480.988	601.633
481.25	600.75

#Polyline:
487.25	631.75
488.25	623.75


#Polyline:
465.25	636.75
464.371	632.359
463.469	628.625
463.457	623.953
465.25	616.75

#Polyline:
502.25	588.75
502.863	586.207
503.219	583.781
503.34	580.84
503.25	576.75


#Polyline:
522.25	86.75
522.084	86.4253
521.928	85.1008
521.604	82.9299
520.934	80.0662
519.741	76.6631
517.848	72.8738
515.077	68.8516
511.25	64.75
511.25	59.75
514.212	62.8301
517.096	65.7419
519.713	68.6123
521.877	71.5669
523.4	74.7319
524.094	78.2334
523.773	82.1975
522.25	86.75

#Polyline:
553.25	99.75
553.241	99.3635
553.201	97.7993
552.933	95.2373
552.239	91.8572
550.921	87.8386
548.782	83.3616
545.624	78.6055
541.25	73.75
541.25	68.75
544.611	72.1077
547.901	75.335
550.888	78.571
553.344	81.9551
555.038	85.626
555.74	89.7227
555.221	94.3843
553.25	99.75

#Polyline:
482.25	94.75
482.389	93.311
482.213	91.2261
481.653	88.4509
480.542	85.1506
478.715	81.4902
476.006	77.635
472.25	73.75
472.25	68.75
475.142	71.6135
477.963	74.3586
480.514	77.0999
482.596	79.9514
484.009	83.0281
484.555	86.4438
484.035	90.313
482.25	94.75

#Polyline:
451.25	87.75
450.956	86.7104
450.709	85.3984
450.22	83.686
449.36	81.6692
447.999	79.4436
446.006	77.1052
443.25	74.75
443.25	71.75
447.433	75.1467
450.929	78.5583
452.586	82.5659
451.25	87.75

#Seite beendet.
